# Riemann zeta zeros on the critical line — baseline computed with mpmath + traditional Sieve
# This file is the current practical scientific standard for individual zeros (first few thousand)
# Compare your vibrational D_k(t) bloom / super-pointer t-values against these.

    1  3.436218226086962
    2  9.666908056130191
    3  14.134725141734695
    4  17.845599540410859
    5  21.022039638771556
    6  23.170282701246308
    7  25.010857580145689
    8  27.670182217816340
    9  30.424876125859512
   10  31.717979954764054
   11  32.935061587739192
   12  35.467184297100218
   13  37.586178158825675
   14  38.999209964026072
   15  40.918719012147498
   16  42.363550392057341
   17  43.327073280915002
   18  45.593028981503522
   19  48.005150881167161
   20  48.710776621793336
   21  49.773832477672300
   22  51.733842813346108
   23  52.970321477714464
   24  54.675237446853259
   25  56.446247697063392
   26  57.545165179547254
   27  59.347044002602352
   28  60.351811969132434
   29  60.831778524609810
   30  63.101867982400073
   31  65.112544048081602
   32  65.800887638050824
   33  67.079810529494168
   34  68.453544917522734
   35  69.546401711173985
   36  71.063819010333333
   37  72.067157674481905
   38  73.635132258571844
   39  75.704690699083926
   40  76.170454611081155
   41  77.144840068874799
   42  78.672384043277646
   43  79.337375020249368
   44  81.143209391824755
   45  82.910380854086029
   46  83.584960099678355
   47  84.735492980517051
   48  85.999446066657555
   49  87.425274613125225
   50  88.388289916397014
   51  88.809111207634459
   52  90.752953377464081
   53  92.491899270558491
   54  93.094759043910912
   55  94.651344040519888
   56  95.414908470530392
   57  95.870634228245308
   58  97.714497332658084
   59  98.831194218193687
   60  99.994528214252199
   61  101.317851005731384
   62  102.255921464083443
   63  103.725538040478341
   64  104.499524466404011
   65  105.446623052326089
   66  106.726119601228433
   67  107.168611184276401
   68  108.936431114533235
   69  111.029535543169672
   70  111.131131076107422
   71  111.874659176992637
   72  113.310844569445209
   73  114.320220915452708
   74  115.476154231757079
   75  116.226680320857554
   76  117.627604241251746
   77  118.790782865976212
   78  119.765703832089983
   79  121.370125002420650
   80  121.890930403911426
   81  122.946829293552582
   82  124.003732281889882
   83  124.256818554345770
   84  126.104531174345937
   85  127.516683879596499
   86  128.193724367626032
   87  129.578704199956064
   88  130.271686691922866
   89  131.087688530932667
   90  132.338772286714089
   91  133.497737202997598
   92  134.395316190336644
   93  134.756509753373876
   94  136.441635774736056
   95  138.116042054533438
   96  138.478032043511206
   97  139.736208952121387
   98  140.504790808913384
   99  141.123707404021133
  100  142.522183761376624
  101  143.111845807620625
  102  144.530469443387375
  103  146.000982486765508
  104  146.529894137993637
  105  147.422765342559615
  106  148.520692680965084
  107  150.053520420784878
  108  150.503089204508456
  109  150.925257612241467
  110  152.477297819491554
  111  153.024693811198887
  112  154.443523242305872
  113  156.112909294237880
  114  156.401961371787365
  115  157.597591817594065
  116  158.352799820996495
  117  158.849988171420506
  118  160.296218408121035
  119  161.188964137596031
  120  162.232389610295996
  121  163.030709687181997
  122  164.161478983723924
  123  165.537069187900414
  124  166.083645553119766
  125  167.184439978174510
  126  167.999042173186922
  127  169.094515415568821
  128  171.810108126349320
  129  173.411536519591550
  130  173.706055227392540
  131  174.754191523365733
  132  175.595788477751142
  133  176.441434297710430
  134  177.479434482285427
  135  178.377407776099972
  136  179.357115377616253
  137  179.916484020257002
  138  181.228949053831514
  139  182.207078484366463
  140  183.095049362121614
  141  184.874467848387496
  142  184.955526309425551
  143  185.598783677707473
  144  186.810486241072454
  145  187.228922583501856
  146  188.660032012315838
  147  189.416158656016933
  148  190.504263149579344
  149  192.026656360713787
  150  192.343276002162554
  151  193.079726603845700
  152  194.177163885090891
  153  195.265396679529232
  154  196.006017213737039
  155  196.876481840958320
  156  197.829923630789040
  157  198.015309676251917
  158  199.648968126092399
  159  201.264751943703800
  160  201.463233149852613
  161  202.493594514140540
  162  203.272798719643617
  163  204.189671803104545
  164  205.077742521634406
  165  205.394697202163286
  166  206.878140006412792
  167  207.906258887806217
  168  208.674064479756709
  169  209.576509716856265
  170  210.465587188676494
  171  211.690862595365303
  172  212.252777403027693
  173  213.347919359712677
  174  214.035702492971353
  175  214.547044783491430
  176  215.814428002538421
  177  216.169538508263713
  178  217.589017719536855
  179  219.067596349021386
  180  219.359533742021881
  181  220.714918839314009
  182  221.126036541535370
  183  221.430705554693333
  184  222.888585023305126
  185  224.007000254604321
  186  224.647236583581474
  187  224.983324669582288
  188  226.402047164277349
  189  227.421444279679292
  190  228.153071305065680
  191  229.337413305525359
  192  229.900362193078251
  193  231.250188700499166
  194  231.643971710340224
  195  231.987235253180245
  196  233.383950479066215
  197  233.693404178908310
  198  235.120347904934675
  199  236.524229665816193
  200  236.853212218451262
